3,2
3,1
3,3
10,9
10,249
10,7
10,237
10,135
10,289
10,171
9,5
8,15
8,5
35,3
35,2
35,1
35,0
34,3
34,2
34,1
34,0
33,4
33,3
33,2
33,1
33,0
32,4
32,3
32,2
32,1
32,0
20,2
20,1
27,3
27,1
12,3
20,3
12,2
12,1
11,28
11,27
11,26
11,25
11,24
11,23
11,22
11,21
11,20
11,19
11,18
11,17
11,16
11,15
11,14
11,13
11,12
11,11
11,10
11,9
11,8
11,7
11,6
11,5
11,4
11,3
11,2
11,1
10,303
19,2
19,1
10,299
10,295
19,3
10,294
10,293
10,288
10,287
10,279
10,277
10,273
10,269
10,267
10,264
10,261
10,227
10,223
10,219
18,1
10,217
